% Simulation log for module fir.vhdl -- created by fir_tb.vhdl/fir_tb.do.
% Don't use this file directly, use fir_test.m instead.

% Some simulation parameters.
sample_width = 24;
sample_integer_part = 0;
output_truncated_width =23;

% hr : Filter impulse response, non-quantized.
hr = [
   9.000000e-001
  -8.100000e-001
   7.290000e-001
  -6.561000e-001
   5.904900e-001
  -5.314410e-001
   4.782969e-001
  -4.304672e-001
   3.874205e-001
  -3.486784e-001
   3.138106e-001
  -2.824295e-001
   2.541866e-001
  -2.287679e-001
   2.058911e-001
  -1.853020e-001
   1.667718e-001
  -1.500946e-001
   1.350852e-001
  -1.215767e-001
   1.094190e-001
  -9.847709e-002
   8.862938e-002
  -7.976644e-002
   7.178980e-002
  -6.461082e-002
   5.814974e-002
  -5.233476e-002
   4.710129e-002
  -4.239116e-002
   3.815204e-002
  -3.433684e-002
   3.090315e-002
  -2.781284e-002
   2.503156e-002
  -2.252840e-002
   2.027556e-002
  -1.824800e-002
   1.642320e-002
  -1.478088e-002
   1.330279e-002
  -1.197252e-002
   1.077526e-002
  -9.697737e-003
   8.727964e-003
  -7.855167e-003
   7.069650e-003
  -6.362685e-003
   5.726417e-003
  -5.153775e-003
   4.638398e-003
  -4.174558e-003
   3.757102e-003
  -3.381392e-003
   3.043253e-003
  -2.738927e-003
   2.465035e-003
  -2.218531e-003
   1.996678e-003
  -1.797010e-003
   1.617309e-003
  -1.455578e-003
   1.310021e-003
  -1.179018e-003
];

% h : Filter impulse response, quantized.
h = [
7549747,
-6794773,
6115295,
-5503766,
4953389,
-4458051,
4012245,
-3611021,
3249918,
-2924927,
2632434,
-2369191,
2132271,
-1919045,
1727139,
-1554426,
1398983,
-1259086,
1133176,
-1019859,
917873,
-826086,
743477,
-669130,
602216,
-541995,
487795,
-439016,
395114,
-355603,
320042,
-288039,
259234,
-233312,
209979,
-188982,
170083,
-153076,
137767,
-123992,
111591,
-100433,
90389,
-81351,
73215,
-65894,
59304,
-53375,
48036,
-43233,
38909,
-35019,
31516,
-28366,
25528,
-22976,
20678,
-18611,
16749,
-15075,
13566,
-12211,
10989,
-9891,
];

% x : Test input signal, quantized.
x = [
4194304,
2097152,
1048576,
-4194304,
-2097152,
-1048576,
4194304,
2097152,
1048576,
-4194304,
-2097152,
-1048576,
4194304,
2097152,
1048576,
-4194304,
-2097152,
-1048576,
4194304,
2097152,
1048576,
-4194304,
-2097152,
-1048576,
4194304,
2097152,
1048576,
-4194304,
-2097152,
-1048576,
4194304,
2097152,
1048576,
-4194304,
-2097152,
-1048576,
4194304,
2097152,
1048576,
-4194304,
-2097152,
-1048576,
4194304,
2097152,
1048576,
-4194304,
-2097152,
-1048576,
4194304,
2097152,
1048576,
-4194304,
-2097152,
-1048576,
4194304,
2097152,
1048576,
-4194304,
-2097152,
-1048576,
4194304,
2097152,
1048576,
-4194304,
-2097152,
-1048576,
4194304,
2097152,
1048576,
-4194304,
-2097152,
-1048576,
4194304,
2097152,
1048576,
-4194304,
-2097152,
-1048576,
4194304,
2097152,
1048576,
-4194304,
-2097152,
-1048576,
4194304,
2097152,
1048576,
-4194304,
-2097152,
-1048576,
4194304,
2097152,
1048576,
-4194304,
-2097152,
-1048576,
4194304,
2097152,
1048576,
-4194304,
-2097152,
-1048576,
4194304,
2097152,
1048576,
-4194304,
-2097152,
-1048576,
4194304,
2097152,
1048576,
-4194304,
-2097152,
-1048576,
4194304,
2097152,
1048576,
-4194304,
-2097152,
-1048576,
4194304,
2097152,
1048576,
-4194304,
-2097152,
-1048576,
4194304,
2097152,
1048576,
-4194304,
-2097152,
-1048576,
4194304,
2097152,
1048576,
-4194304,
-2097152,
-1048576,
4194304,
2097152,
1048576,
-4194304,
-2097152,
-1048576,
4194304,
2097152,
1048576,
-4194304,
-2097152,
-1048576,
4194304,
2097152,
1048576,
-4194304,
-2097152,
-1048576,
4194304,
2097152,
1048576,
-4194304,
-2097152,
-1048576,
4194304,
2097152,
1048576,
-4194304,
-2097152,
-1048576,
4194304,
2097152,
1048576,
-4194304,
-2097152,
-1048576,
4194304,
2097152,
1048576,
-4194304,
-2097152,
-1048576,
4194304,
2097152,
1048576,
-4194304,
-2097152,
-1048576,
4194304,
2097152,
1048576,
-4194304,
-2097152,
-1048576,
4194304,
2097152,
1048576,
-4194304,
-2097152,
-1048576,
4194304,
2097152,
1048576,
-4194304,
-2097152,
-1048576,
4194304,
2097152,
1048576,
-4194304,
-2097152,
-1048576,
4194304,
2097152,
1048576,
-4194304,
-2097152,
-1048576,
4194304,
2097152,
1048576,
-4194304,
-2097152,
-1048576,
4194304,
2097152,
1048576,
-4194304,
-2097152,
-1048576,
4194304,
2097152,
1048576,
-4194304,
-2097152,
-1048576,
4194304,
2097152,
1048576,
-4194304,
-2097152,
-1048576,
4194304,
2097152,
1048576,
-4194304,
-2097152,
-1048576,
4194304,
2097152,
1048576,
-4194304,
-2097152,
-1048576,
4194304,
2097152,
1048576,
-4194304,
];

% y : Filter output, truncated to 23 bits.
y = [
14745,
-5899,
8994,
-22841,
13184,
-15553,
28742,
-18496,
20332,
-33045,
22367,
-23818,
36180,
-25191,
26357,
-38468,
27247,
-28210,
40134,
-28748,
29559,
-41350,
29841,
-30544,
42234,
-30639,
31261,
-42881,
31219,
-31785,
43351,
-31644,
32165,
-43695,
31952,
-32444,
43944,
-32178,
32646,
-44128,
32341,
-32794,
44260,
-32462,
32901,
-44357,
32548,
-32981,
44427,
-32613,
33037,
-44480,
32658,
-33079,
44516,
-32693,
33109,
-44545,
32716,
-33132,
44563,
-32735,
33147,
-44579,
32730,
-33153,
44578,
-32731,
33152,
-44579,
32730,
-33153,
44578,
-32731,
33152,
-44579,
32730,
-33153,
44578,
-32731,
33152,
-44579,
32730,
-33153,
44578,
-32731,
33152,
-44579,
32730,
-33153,
44578,
-32731,
33152,
-44579,
32730,
-33153,
44578,
-32731,
33152,
-44579,
32730,
-33153,
44578,
-32731,
33152,
-44579,
32730,
-33153,
44578,
-32731,
33152,
-44579,
32730,
-33153,
44578,
-32731,
33152,
-44579,
32730,
-33153,
44578,
-32731,
33152,
-44579,
32730,
-33153,
44578,
-32731,
33152,
-44579,
32730,
-33153,
44578,
-32731,
33152,
-44579,
32730,
-33153,
44578,
-32731,
33152,
-44579,
32730,
-33153,
44578,
-32731,
33152,
-44579,
32730,
-33153,
44578,
-32731,
33152,
-44579,
32730,
-33153,
44578,
-32731,
33152,
-44579,
32730,
-33153,
44578,
-32731,
33152,
-44579,
32730,
-33153,
44578,
-32731,
33152,
-44579,
32730,
-33153,
44578,
-32731,
33152,
-44579,
32730,
-33153,
44578,
-32731,
33152,
-44579,
32730,
-33153,
44578,
-32731,
33152,
-44579,
32730,
-33153,
44578,
-32731,
33152,
-44579,
32730,
-33153,
44578,
-32731,
33152,
-44579,
32730,
-33153,
44578,
-32731,
33152,
-44579,
32730,
-33153,
44578,
-32731,
33152,
-44579,
32730,
-33153,
44578,
-32731,
33152,
-44579,
32730,
-33153,
44578,
-32731,
33152,
-44579,
32730,
-33153,
44578,
-32731,
33152,
-44579,
32730,
-33153,
44578,
-32731,
33152,
-44579,
32730,
-33153,
44578,
-32731,
33152,
-44579,
32730,
-33153,
44578,
-32731,
33152,
-44579,
32730,
-33153,
44578,
-32731,
33152,
-44579,
40103,
-36102,
32487,
-29222,
26307,
-23673,
21287,
-19168,
17246,
-15505,
13962,
-12563,
11288,
-10169,
9147,
-8216,
7402,
-6658,
5974,
-5386,
4842,
-4342,
3915,
-3520,
3150,
-2845,
2555,
-2283,
2062,
-1853,
1649,
-1494,
1339,
-1189,
1078,
-967,
852,
-776,
693,
-607,
554,
-496,
428,
-395,
350,
-298,
276,
-245,
202,
-192,
167,
-134,
128,
-112,
83,
-84,
70,
-47,
50,
-42,
19,
-27,
];

